 <pre>

 Contingency table for Visibility (m)
 Selection: ALL    695 stations
Period: 20230114-20230114
Used {00,03,...,21} + 00 01 ... 24
 Limits    1000.00000       5000.00000       10000.0000       20000.0000    
 Each class is data <= limit, the very last > last limit
 Total number of values       34358
                                     OBSERVATION
                                    375      604      239      129      107 |      1454
                                    327     2421     2261     2356     1275 |      8640
                           REF       47      762      944     2515     2763 |      7031
                                     53      555      948     1677     3270 |      6503
                                    120      922     1298     3172     5218 |     10730

                    SUM             922     5264     5690     9849    12633 |     34358
                                     OBSERVATION
                                    376      602      248      133      109 |      1468
                                    326     2425     2251     2330     1276 |      8608
                           SEV       52      762      936     2521     2761 |      7032
                                     44      555      939     1692     3279 |      6509
                                    124      920     1316     3173     5208 |     10741

                    SUM             922     5264     5690     9849    12633 |     34358

