 <pre>

 Contingency table for Cloud cover (octas)
 Selection: ALL    583 stations
Period: 20230114-20230114
Used {00,03,...,21} + 01 02 ... 24
 Limits   0.500000000       1.50000000       2.50000000       3.50000000       4.50000000       5.50000000       6.50000000       7.50000000    
 Each class is data <= limit, the very last > last limit
 Total number of values       23046
                                                       OBSERVATION
                                    384       55       39       24       30       27       28       37      121 |       745
                                     68       24        9       15       16       22       30       52       67 |       303
                                     40        8       19       11       13       17       16       44       70 |       238
                                     41       12       17       11        9       22       15       33       74 |       234
                           REF       42       16        4       14       11       27       24       25       77 |       240
                                     38       15       14       13       10       17       19       46       81 |       253
                                     39        7       11        4        9       23       22       88      112 |       315
                                     94       20       11       20       21       44       33      123      214 |       580
                                    697      149       82      176      154      251      358     3450    14821 |     20138

                    SUM            1443      306      206      288      273      450      545     3898    15637 |     23046
                                                       OBSERVATION
                                    383       56       41       24       28       26       29       44      124 |       755
                                     68       22       10       15       16       22       26       43       67 |       289
                                     46       10       20       11       12       22       21       43       73 |       258
                                     42       14        9       13       13       19       12       34       70 |       226
                           SEV       45       13        7       13       10       28       27       27       78 |       248
                                     27       15       13       10       10       18       12       45       77 |       227
                                     41        7       10       10        9       23       28       88      122 |       338
                                    104       18       15       17       16       35       31      123      200 |       559
                                    687      151       81      175      159      257      359     3451    14826 |     20146

                    SUM            1443      306      206      288      273      450      545     3898    15637 |     23046

